time,prices,market_caps,total_volumes
2018-03-21,0.5527037749235135,55270377.49235135,27806.877883299043
2018-03-22,0.563464139592816,56346413.9592816,16211.090372133573
2018-03-23,0.5654028120262262,56540281.20262262,46409.26413949274
2018-03-24,0.528410951174548,52841095.1174548,547230.6119172964
2018-03-25,0.5204507270432792,52045072.704327926,181350.39026898198
2018-03-26,0.5274973550031117,52749735.50031117,172804.70977955693
2018-03-27,0.4796902537826545,47969025.378265455,131267.07661409082
2018-03-28,0.4456693812628038,44566938.12628038,122122.83648594494
2018-03-29,0.44061187424844317,44061187.42484432,170456.06610637423
2018-03-30,0.38231659520475497,38231659.5204755,187570.23803011622
2018-03-31,0.3907024051543702,39070240.51543702,100626.7228054163
2018-04-01,0.3858970661385461,38589706.61385461,77775.76134241725
2018-04-02,0.3474007788589339,34740077.88589339,94738.70328837691
2018-04-03,0.3513841949654416,35138419.49654416,53708.301982469595
2018-04-04,0.398615536494162,39861553.6494162,115552.87224530423
2018-04-05,0.3543564419263492,35435644.19263492,76047.37568096448
2018-04-06,0.3774500983276125,37745009.83276125,153063.85273409187
2018-04-07,0.3695478087730676,36954780.87730676,179178.7142487966
2018-04-08,0.3765562549952984,37655625.49952984,89938.22021892507
2018-04-09,0.3768199565116102,37681995.65116102,155366.90655837185
2018-04-10,0.3738883101832596,37388831.018325955,128235.99575298443
2018-04-11,0.4042431046759614,40424310.46759614,139775.74050384213
2018-04-12,0.41817600635617175,41817600.635617174,110309.1694766681
2018-04-13,0.48782288598634155,48782288.59863415,144688.81699173132
2018-04-14,0.48434628354679804,48434628.35467981,286076.17100454256
2018-04-15,0.490533525438165,49053352.5438165,54203.525189691245
2018-04-16,0.5986715228440603,59867152.28440603,398625.2161161255
2018-04-17,0.5488664270074136,54886642.70074136,249520.50955813102
2018-04-18,0.5775957408394153,57759574.083941534,222845.27804639543
2018-04-19,0.6588049062319007,65880490.62319007,404208.3389406852
2018-04-20,0.8261936269204615,82619362.69204615,476229.576102955
2018-04-21,0.7922272446784437,79222724.46784438,391198.29990628303
2018-04-22,0.7917661094862711,79176610.94862711,517930.6411360076
2018-04-23,0.8368032613781732,83680326.13781732,341247.9494041568
2018-04-24,0.944760157320846,94476015.73208459,516420.91043164965
2018-04-25,1.1116588422293079,111165884.22293079,926760.9107957139
2018-04-26,1.0929710481009878,109297104.81009878,494141.84241925133
2018-04-27,1.442637804048382,144263780.4048382,1117343.6042677767
2018-04-28,1.3969149838250003,139691498.38250002,1169503.951305515
2018-04-29,1.778367744562826,177836774.45628262,1405567.9166386258
2018-04-30,1.8857889245591022,188578892.45591024,2240410.1767682764
2018-05-01,1.6473260068390254,164732600.68390256,1068233.3502707558
2018-05-02,1.6375676606760678,163756766.06760678,833550.5105065915
2018-05-03,1.8971070953185385,189710709.53185385,520146.3094765493
2018-05-04,2.091290083033753,209129008.30337533,200152.32043594428
2018-05-05,2.084466757377633,208446675.7377633,409450.7844104551
2018-05-06,1.9378618745407503,193786187.45407504,277857.827761205
2018-05-07,1.8166739244230647,181667392.4423065,273146.2016434818
2018-05-08,1.8141536762635726,181415367.62635726,241781.43687082356
2018-05-09,1.815376133524746,181537613.3524746,325216.74737848656
2018-05-10,1.920474695247455,192047469.5247455,281325.1630961676
2018-05-11,1.7242740347447447,172427403.47447446,622270.1377711144
2018-05-12,1.6496678721980065,164966787.21980065,518564.90176688833
2018-05-13,1.6126622259111627,161266222.59111628,365656.8563446745
2018-05-14,1.7362140717996075,173621407.17996076,258752.44952098894
2018-05-15,1.6443309073073658,164433090.73073658,1207097.2901148496
2018-05-16,1.5860907378690041,158609073.7869004,583369.5230157115
2018-05-17,1.4388916811248182,143889168.11248183,391468.8874688333
2018-05-18,1.2877350640724312,128773506.40724312,334724.13116742956
2018-05-19,1.2729504328377614,127295043.28377615,597149.2165853719
2018-05-20,1.3087980750754438,130879807.50754437,605083.5092174471
2018-05-21,1.5068338843890647,150683388.43890646,418256.3713672837
2018-05-22,1.293552404851558,129355240.4851558,480235.93232691864
2018-05-23,1.1812585420277055,118125854.20277055,851666.8296363405
2018-05-24,0.9811499723788051,98114997.23788051,740385.3872773007
2018-05-25,1.0806680366276744,108066803.66276745,588870.5733816804
2018-05-26,1.0062483753736293,100624837.53736293,1664816.8455675952
2018-05-27,0.9843046929658048,98430469.29658048,1554708.8421591471
2018-05-28,0.9138910944465393,91389109.44465393,1524393.4011040567
2018-05-29,0.8306861453391795,83068614.53391795,1488971.672638368
2018-05-30,0.9485801910776617,94858019.10776617,1657794.5451095197
2018-05-31,0.9090562409346437,90905624.09346436,1643147.4937323912
2018-06-01,0.908362447314943,90836244.7314943,1315297.294112202
2018-06-02,0.9168841508154553,91688415.08154553,1571486.5369012796
2018-06-03,0.8993657599499907,89936575.99499907,1520425.5543435528
2018-06-04,0.9296388249725835,92963882.49725835,1533143.1316198434
2018-06-05,0.768142033211733,76814203.3211733,1339026.6547310948
2018-06-06,0.8159259232654444,81592592.32654445,1724168.9453165522
2018-06-07,0.7769816096864077,77698160.96864077,1889437.9770177335
2018-06-08,0.7559495932805398,75594959.32805398,1642891.5098402316
2018-06-09,0.8170965828774164,81709658.28774163,1788662.0561977376
2018-06-10,0.7951086518545326,79510865.18545325,1681180.3049656735
2018-06-11,0.6350898472319109,63508984.72319109,1394441.5201682642
2018-06-12,0.6220792505844911,62207925.058449104,1205640.1380671128
2018-06-13,0.5923179122557481,59231791.225574814,1143624.3393680807
2018-06-14,0.48835594847452063,48835594.84745206,1175165.8398053944
2018-06-15,0.5721674209462402,57216742.09462402,1202770.4928904336
2018-06-16,0.5070009292360999,50700092.92360999,900867.4971810628
2018-06-17,0.4915938705182496,49159387.05182496,919132.6475068771
2018-06-18,0.4721994935901196,47219949.359011956,828292.7636275699
2018-06-19,0.5179362827489749,51793628.274897486,880919.6687054118
2018-06-20,0.50774148072357,50774148.072357,933353.7652640167
2018-06-21,0.5274753968893611,52747539.68893611,879935.1484357255
2018-06-22,0.5025607575551784,50256075.75551784,834512.9431420874
2018-06-23,0.44233772479689054,44233772.479689054,408790.37380081834
2018-06-24,0.4159550392940225,41595503.92940225,837984.5236652924
2018-06-25,0.4230211429121771,42302114.29121771,922790.0956670529
2018-06-26,0.40194357771621375,40194357.77162138,903490.5358395886
2018-06-27,0.350118052401205,35011805.24012051,853228.738109924
2018-06-28,0.3866792503151038,38667925.03151038,965554.9909741889
2018-06-29,0.3485383133510885,34853831.33510885,809542.6265167523
2018-06-30,0.3529180432999299,35291804.32999299,860407.9695218216
2018-07-01,0.36676009075585353,36676009.07558536,888119.0608775791
2018-07-02,0.3726378080525081,37263780.805250816,870459.4744509999
2018-07-03,0.44400141564641693,44400141.56464169,1332343.9531387405
2018-07-04,0.43156134767136045,43156134.767136045,1358326.7959960194
2018-07-05,0.4444349989920834,44443499.89920834,1171476.9945932932
2018-07-06,0.42265819204183247,42265819.20418325,1081228.7341703249
2018-07-07,0.4169780434938938,41697804.349389374,1141618.1096635847
2018-07-08,0.4264398745772035,42643987.457720354,1189101.2394232836
2018-07-09,0.4373608024933431,43736080.249334306,1231570.3207009272
2018-07-10,0.44695978284212895,44695978.284212895,1411826.692012825
2018-07-11,0.3900134305253991,39001343.05253991,1122587.4524630248
2018-07-12,0.383230147877157,38323014.787715696,1045790.4377694404
2018-07-13,0.35577322560421665,35577322.56042167,1069971.6531829778
2018-07-14,0.3610338571442694,36103385.714426935,1082227.9655974256
2018-07-15,0.36832305367158835,36832305.36715883,1120017.6696646996
2018-07-16,0.3719046288788165,37190462.887881644,1078786.4791134798
2018-07-17,0.38852752944489644,38852752.94448964,1073146.85908604
2018-07-18,0.41116387902999624,41116387.902999625,1245012.523044087
2018-07-19,0.39320704516456073,39320704.516456075,1344267.765850585
2018-07-20,0.3727881325917994,37278813.259179935,1181036.1896834138
2018-07-21,0.3592666443019715,35926664.43019715,982910.4493490696
2018-07-22,0.35948054871856294,35948054.871856295,942551.4221137343
2018-07-23,0.34842764291629696,34842764.291629694,875375.9652925833
2018-07-24,0.34533975948465917,34533975.94846591,870766.2898411452
2018-07-25,0.32977431034372406,32977431.034372408,857250.5507709861
2018-07-26,0.34378921076961183,34378921.07696118,909395.3912594975
2018-07-27,0.3785480415776575,37854804.157765746,1057745.7282481964
2018-07-28,0.3887801765504723,38878017.65504723,923795.295076
2018-07-29,0.3831768970896153,38317689.70896153,657236.332084868
2018-07-30,0.3751509421070856,37515094.21070856,917805.2123926639
2018-07-31,0.36206845581991287,36206845.58199129,921238.3321887478
2018-08-01,0.3383879696950414,33838796.96950414,973181.3298881918
2018-08-02,0.3077583385973067,30775833.859730672,863844.0999445192
2018-08-03,0.29700391199655085,29700391.199655086,844606.0806234677
2018-08-04,0.3093543028096889,30935430.28096889,950247.3544661349
2018-08-05,0.3083294233582262,30832942.33582262,866646.5717255669
2018-08-06,0.2946161347653473,29461613.47653473,829491.3183087899
2018-08-07,0.28313724228105175,28313724.228105176,805341.2336295258
2018-08-08,0.275107165029278,27510716.5029278,819463.8688218547
2018-08-09,0.24612756448126738,24612756.448126737,811718.8450164885
2018-08-10,0.26386456503047595,26386456.503047597,909115.005100741
2018-08-11,0.23581231973790098,23581231.973790098,971090.1371797535
2018-08-12,0.22739210061120763,22739210.061120763,1093334.353212711
2018-08-13,0.22403105952196004,22403105.952196006,1069648.8615482673
2018-08-14,0.20162900729577726,20162900.729577724,848678.8981041692
2018-08-15,0.187899943725189,18789994.3725189,1046365.6561632592
2018-08-16,0.19313160347895425,19356485.10385935,1085239.4547363434
2018-08-17,0.19878780678189095,19878780.6781891,1037932.4441126751
2018-08-18,0.2181095921851287,21810959.21851287,1264346.177294816
2018-08-19,0.21306752768682002,21306752.768682,1317702.1238082752
2018-08-20,0.2126686410634429,21266864.10634429,1085483.58550977
2018-08-21,0.19754552567702977,19754552.56770298,958324.335664498
2018-08-22,0.20430194642916766,20465945.69862446,1087519.3374824997
2018-08-23,0.19147940956631182,19146143.49895392,980683.6891625607
2018-08-24,0.19941313384564488,10967722.361510469,1107772.1370640898
2018-08-25,0.20637186534494575,11351614.148698654,1174750.9061150472
2018-08-26,0.20495858111419724,11272721.961280845,773100.886880498
2018-08-27,0.20004322885358633,11002377.586947247,864413.9059291108
2018-08-28,0.2129015219455646,11707293.438256186,1031126.5022089443
2018-08-29,0.22922292107846695,12599564.486027986,926135.2576362431
2018-08-30,0.24442676886465098,13450557.662948977,1620642.4601629865
2018-08-31,0.23422075734952166,12882141.654223694,1315566.1582626784
2018-09-01,0.2373404382272138,13065928.824469812,981955.7906790676
2018-09-02,0.2771018163934435,15238128.43990805,1838940.0034310457
2018-09-03,0.2666912980823051,14665753.567222489,1864758.3056556685
2018-09-04,0.27798318422560525,15289075.132408291,1378744.5047466776
2018-09-05,0.25334001700700426,13885391.871203275,1716500.8621510034
2018-09-06,0.2151016946309974,11835729.391621504,1409648.7887457372
2018-09-07,0.1973671600024948,10867518.396738702,943099.0250711244
2018-09-08,0.19564272927277618,10787429.0950592,1157642.0304104793
2018-09-09,0.2027226496083252,11149749.03915753,1429291.3478892653
2018-09-10,0.19772255189712093,10874740.35434165,474275.8946403439
2018-09-11,0.21639744432777014,11903612.20156729,1168738.2694233048
2018-09-12,0.2076507751190566,11421234.002323288,1117671.1174045007
2018-09-13,0.21184364766257938,11651400.621441867,714966.7400076995
2018-09-14,0.21929706425369386,12061338.533953164,577500.3836914073
2018-09-15,0.2305000976383112,12674712.885526631,568420.0642030038
2018-09-16,0.2346052020073963,12867526.713618038,602852.538699976
2018-09-17,0.2275613353750262,12515873.445626441,650049.0478554203
2018-09-18,0.2166814502166043,11917479.761913236,577148.411030383
2018-09-19,0.21027212310153878,11587305.221305253,575123.1725188895
2018-09-20,0.22417041192610268,12329372.655935649,666105.7485884514
2018-09-21,0.25203915278148015,13862153.402981406,741895.0363704093
2018-09-22,0.26582144349721587,14620179.392346874,348966.48648067296
2018-09-23,0.2555249068028054,14053869.874154298,682007.7812131548
2018-09-24,0.26020954185969314,14312119.177491598,733663.1093552009
2018-09-25,0.2583086785482334,14203560.21512264,746636.2007731183
2018-09-26,0.2518079596910846,13849437.783009654,811619.6617289308
2018-09-27,0.2517211715217903,13846244.613225123,1066887.2231971934
2018-09-28,0.29133746411458866,16023560.526302379,988766.3221948686
2018-09-29,0.3087056941135497,16983067.539908256,908208.7339611719
2018-09-30,0.2982820728783415,16405514.008308783,370713.65400790033
2018-10-01,0.3519167032074277,19355418.67640852,194830.35414612934
2018-10-02,0.39758627045571543,21694319.693345815,1330839.0027730586
2018-10-03,0.36570268024429586,20113647.413436275,1306376.4461485238
2018-10-04,0.3909153040100675,21590278.602400597,1203520.8000803317
2018-10-05,0.42329884109133475,23281436.260023415,1474988.7818955362
2018-10-06,0.48288836932285273,26560258.218884397,2403075.5066604307
2018-10-07,0.49791351497804937,27385154.730649572,1467884.0505994756
2018-10-08,0.5142928173104085,28281214.038708087,1960259.2636577329
2018-10-09,0.523654223535653,28843632.37424271,1469624.9623898598
2018-10-10,0.5249995436200405,28882971.506728377,1366724.6536675103
2018-10-11,0.571080423781214,31393916.50301732,1556299.6828541453
2018-10-12,0.5102685159747563,28076286.2933652,2272543.1672047176
2018-10-13,0.4781991557381019,26301269.37202028,1508752.2633309765
2018-10-14,0.4636144150872933,25497844.816094823,877868.510373906
2018-10-15,0.46358810757663466,25497345.916714907,1277689.6238750776
2018-10-16,0.4736482757697089,25990922.918123856,1763555.4498880676
2018-10-17,0.4707945953703417,25900139.953955315,1704202.4803632798
2018-10-18,0.5108268023371758,28205672.432012763,1286502.6641782222
2018-10-19,0.5046050569954849,27757640.825953048,1779126.096075697
2018-10-20,0.49166465868667775,27042392.644777153,1606731.2988132853
2018-10-21,0.4828072949234759,26552119.332359694,1276985.335882505
2018-10-22,0.4755003289577382,26178253.469369926,1314230.6529175448
2018-10-23,0.4732580904762827,25942815.085810266,1122325.8243946924
2018-10-24,0.4773464347684813,26254053.91226647,881442.4748798015
2018-10-25,0.47837946144899796,26310870.37969489,813610.9223207383
2018-10-26,0.4609629140445698,25380206.22940736,550573.8054344679
2018-10-27,0.43126242479652405,23722287.866768457,544145.7975390049
2018-10-28,0.40351553361839526,22191159.71463572,636469.3493009269
2018-10-29,0.4349832035790796,23917050.080129217,320850.5372559075
2018-10-30,0.3831049780392871,21070533.709118236,421644.3228414645
2018-10-31,0.37103019600540166,20415873.254992466,420566.7941817947
2018-11-01,0.3995430887229726,21974284.747091,298533.081149767
2018-11-02,0.3933675891092068,21596923.74805597,235910.39627609926
2018-11-03,0.39273861145049677,21600788.566374518,433122.87255680223
2018-11-04,0.42978407154260206,23636920.825431034,511707.7820325267
2018-11-05,0.45310251851591066,24918898.08431328,602058.4305182436
2018-11-06,0.44065592425450306,24236075.83399767,455245.68348404305
2018-11-07,0.43533541041216456,23952515.852839008,419337.10547272366
2018-11-08,0.4382397789252118,24120327.029788088,561375.599246134
2018-11-09,0.4153480198419728,22803555.37830535,599016.8438448192
2018-11-10,0.4200961014153109,23116249.97703554,569496.4046940035
2018-11-11,0.42384521366480743,23206242.29012041,540685.8919682134
2018-11-12,0.4182497060402826,23023706.031890705,471602.1291099927
2018-11-13,0.4194189391003052,23068041.650516786,586827.4540537212
2018-11-14,0.41064796105544843,22585637.85804966,1244349.338658666
2018-11-15,0.3176741886026921,17472080.373148065,954704.6426959758
2018-11-16,0.303168047976623,16741947.240054717,451155.88815678644
2018-11-17,0.2843795418024334,15640874.799133837,879364.7751874651
2018-11-18,0.28756907692275196,15812716.005224533,829895.0271623789
2018-11-19,0.3105082273324224,17074025.391351257,1108929.0467315507
2018-11-20,0.24006211636254754,13231490.307770586,511011.57559039467
2018-11-21,0.2331868625420365,12793374.291000176,358100.5834415509
2018-11-22,0.2720396100545398,14981068.442346038,304037.94283821026
2018-11-23,0.2583605699602682,14385842.157919446,493475.94785788923
2018-11-24,0.2521913314332803,13870853.04092169,511748.21539406193
2018-11-25,0.21897436817813262,12071782.92866298,437558.7850683946
2018-11-26,0.2228450682455411,12285487.514319183,557260.9770750478
2018-11-27,0.20539704776895648,11325459.086427728,319425.99200914084
2018-11-28,0.19840742616223883,10927753.344511464,365538.59692593495
2018-11-29,0.22974184484069723,12559255.701399837,501599.2529727072
2018-11-30,0.2453741680766783,13480299.588071316,500644.7301794563
2018-12-01,0.23570260633519524,12954128.24389575,403013.396563866
2018-12-02,0.25059467072462904,13854283.840929696,490356.1965530129
2018-12-03,0.24348082401861493,13389654.035620984,472032.5089528411
2018-12-04,0.22224158743832048,12249361.963190556,368832.5014106964
2018-12-05,0.21646540120333366,11899908.836544283,716497.3535877934
2018-12-06,0.19837456233392736,10910312.880233003,477427.1658724412
2018-12-07,0.17039514705120729,9443698.742218824,353759.910856037
2018-12-08,0.1556036116100546,8551425.679838756,276676.82486414985
2018-12-09,0.15435255609538137,8509031.01757505,217782.12556631208
2018-12-10,0.16172872399177918,8899973.673378397,646839.4324201301
2018-12-11,0.15733791416352516,8649698.261641085,200508.4030246629
2018-12-12,0.17806809635724657,9796778.025691822,505276.4947714461
2018-12-13,0.17051135035110143,9378124.269310577,354690.8499504477
2018-12-14,0.16752098280368394,9204038.660526352,468570.62597130064
2018-12-15,0.16812420406711115,9290001.316190442,484282.5072607669
2018-12-16,0.1659748710396408,9164333.460265992,376806.2866315906
2018-12-17,0.1788419361548287,9919320.3919303,456403.6999652569
2018-12-18,0.19865410381875231,10988315.162826344,517079.628869444
2018-12-19,0.20325726622919923,11240030.275273256,485341.1728678316
2018-12-20,0.2167184119354738,12004642.18542712,685883.5091384873
2018-12-21,0.2582970007281317,14231156.494273849,637416.6502437966
2018-12-22,0.2474819778665975,13713095.741949873,602423.999834727
2018-12-23,0.26055545053160106,14423066.478690356,575390.8641374371
2018-12-24,0.29427637001518997,16265769.959325433,686611.2166486835
2018-12-25,0.3276876393752286,18115867.248482347,537676.8125062861
2018-12-26,0.308572326257693,17065358.158429027,522746.3635406242
2018-12-27,0.30698680465758277,17996449.076090895,652778.3453067079
2018-12-28,0.2690136412880954,15772532.07702129,667691.2667932897
2018-12-29,0.308237523200148,18074555.180419557,893644.0765394474
2018-12-30,0.31197966621822265,18442281.85751363,1194039.6442674983
2018-12-31,0.2991020684438718,17543241.097990125,1113084.861366173
2019-01-01,0.29000728078839566,17006266.994479388,707508.9003166913
2019-01-02,0.3013230968968561,17668815.273064904,626704.9040168657
2019-01-03,0.3337350496319108,19581553.615350254,687866.9414402267
2019-01-04,0.3206754837407783,18816270.24082423,454767.1148886629
2019-01-05,0.2855727459968143,16770941.359366726,430777.69989496283
2019-01-06,0.28736443385527916,16869941.939066615,471438.6001793668
2019-01-07,0.27531272409702995,16157359.479982669,482945.7208660787
2019-01-08,0.2727918298069647,16002897.316872256,433977.63238929777
2019-01-09,0.27513118342684156,16143934.476288086,408356.8794658785
2019-01-10,0.2906448065065227,17066017.44654167,489589.8511727841
2019-01-11,0.24842786352534793,14608935.311744936,353304.28550282377
2019-01-12,0.255984542777463,15031834.72638821,226923.5426594891
2019-01-13,0.25502075125887763,14976099.993196368,228059.8374635286
2019-01-14,0.281867555779959,16553630.562867744,231138.40803209232
2019-01-15,0.2774039440383799,16274323.44810922,143928.3852638649
2019-01-16,0.23652854526060857,13892632.725363532,140354.96760904256
2019-01-17,0.24902194653058693,14630111.23155557,113689.41594810005
2019-01-18,0.25646091348954736,15065116.741522714,159163.07669333476
2019-01-19,0.25202240182530183,14804101.26418213,176304.7268180557
2019-01-20,0.28355700948015794,16658591.504996479,220257.40871230123
2019-01-21,0.26602602333282993,15629866.852777256,185514.63317596517
2019-01-22,0.28060859436038094,16513445.30481092,571191.507249789
2019-01-23,0.30757865502747583,18077330.418736704,730044.9432259412
2019-01-24,0.315446682135989,18537673.787243437,779187.8454419259
2019-01-25,0.3094910624082859,18201050.536450926,531085.7856449314
2019-01-26,0.30720952940241153,18058715.49448766,957160.4396257681
2019-01-27,0.30717212397046983,18059217.436653264,953146.7581014498
2019-01-28,0.28461954526265915,16777307.160471022,882399.2171658454
2019-01-29,0.27436538990452786,16135600.277893517,1245697.3259481334
2019-01-30,0.2867524533172482,16907406.599349014,1444702.5605523547
2019-01-31,0.29414020045635936,17302775.23133031,1251247.174433621
2019-02-01,0.30238625218356596,17734004.518015902,1424869.856649377
2019-02-02,0.31478042434616177,18522317.598887462,1603214.7776211828
2019-02-03,0.3461664088783387,20372014.32073334,1583687.7565894704
2019-02-04,0.3386144197934772,19930548.46142675,1526220.9480182608
2019-02-05,0.3269092901937929,19244389.849608887,1411369.5005118079
2019-02-06,0.35586488113790726,20895828.984803062,1570091.121089769
2019-02-07,0.3908165422750222,23013232.091864683,1783420.5759311027
2019-02-08,0.4138248234573658,24371706.042112824,1890639.6410928234
2019-02-09,0.43834497711371356,25721564.264614884,1999833.5397568073
2019-02-10,0.41485528721736953,24439394.62591193,1722233.0442400551
2019-02-11,0.45109643199012756,26578342.392409924,1768799.888341751
2019-02-12,0.43376397409621253,25500264.425547708,1093324.1315276783
2019-02-13,0.4134270335727528,24393691.408516064,836138.7581735558
2019-02-14,0.42183772011379495,24865445.8769107,855107.652028673
2019-02-15,0.4278352338174721,25286927.74115627,913502.5276174489
2019-02-16,0.4566170826480476,26908175.821197733,983280.202070258
2019-02-17,0.44374955023154966,26168632.070173614,1013441.7724504911
2019-02-18,0.5320209218802816,31394680.343272604,1279254.483580852
2019-02-19,0.5728167996953254,33784591.11277445,1448765.6244535865
2019-02-20,0.5827065932438421,34382340.58698728,1684701.0572537815
2019-02-21,0.6216366634456132,36679344.9673601,770311.7678102374
2019-02-22,0.5834516334513556,34165710.2055578,1542448.399168068
2019-02-23,0.592703954034362,34984854.68523914,396083.28911586286
2019-02-24,0.5990563374070521,35346311.82534961,156331.9665463793
2019-02-25,0.5438487625683022,32164943.984871607,131707.50233593932
2019-02-26,0.5340782304140093,31538841.62890393,129867.96754676707
2019-02-27,0.5206103757988921,30748211.923877794,1647395.3110271185
2019-02-28,0.5439978363592648,32162240.24383603,1920964.7037996524
2019-03-01,0.5214374096799534,30806913.241948906,1029234.3232674472
2019-03-02,0.5290377931436496,31261215.42338962,1073799.1370792002
2019-03-03,0.5251640666200111,31037367.015564308,996811.6437770416
2019-03-04,0.49587271430005847,29228813.95491803,1012913.6506540363
2019-03-05,0.45246649483848156,26749773.92820155,902162.3585923454
2019-03-06,0.47669019126306644,28186381.160760794,932400.6420205234
2019-03-07,0.46503183369976425,27490687.277451534,377548.6988640187
2019-03-08,0.48438935591375526,28607492.55336499,154311.2434261507
2019-03-09,0.44776762958447447,26467050.903343696,127223.47269582581
2019-03-10,0.4494136392899091,26620632.985972602,155041.55447940738
2019-03-11,0.4617667201992294,27340911.665920526,141873.2762525321
2019-03-12,0.4694396648438712,27783011.988337524,221763.40995738815
2019-03-13,0.4419248137831058,26178818.72021982,647984.7380436128
2019-03-14,0.43574837782309594,25781412.74216988,812208.1823594258
2019-03-15,0.4325326028977028,25592785.94174644,760116.1942280551
2019-03-16,0.44448054761054306,26322307.65812321,807618.9074828569
2019-03-17,0.46630030193817995,27717702.11754881,792289.6178351113
2019-03-18,0.4488185197369662,26627388.67178127,806080.4288172412
2019-03-19,0.456741822172214,27070615.800150175,784090.0156996701
2019-03-20,0.47749037345922807,28295040.989631582,769050.2595974017
2019-03-21,0.484329557894904,28705111.04668675,1069820.9494910266
2019-03-22,0.5396127475626137,32011846.895146698,1290834.0881601379
2019-03-23,0.5690874724226939,33739275.56972209,1324050.9401616093
2019-03-24,0.6269226833738356,37139651.41086846,1429429.943071111
2019-03-25,0.5843495945637178,34681995.425504416,1241251.6525144163
2019-03-26,0.6056137210022711,35816917.08663575,1346649.475424815
2019-03-27,0.6519988584605472,38921052.40907815,1645096.0815377384
2019-03-28,0.6606319601386933,38979519.65739519,1440640.3318626673
2019-03-29,0.6173198009499699,36765495.51616979,1237806.9449507396
2019-03-30,0.6347972075007218,37643472.92743436,1503207.0643908633
2019-03-31,0.6036761205167197,35834199.421969466,1539448.7651850835
2019-04-01,0.5769765424274715,34254376.10324095,1368463.1957641188
2019-04-02,0.5723090990528629,33983199.223569855,1528177.7742785404
2019-04-03,0.6816800861916008,40484758.77289116,1681200.7175595087
2019-04-04,0.5922845692869526,35181851.486787304,1380616.841755769
2019-04-05,0.6485595009832937,37744038.89720856,934037.1800972404
2019-04-06,0.6753635683927028,40180616.32256427,1459115.601851701
2019-04-07,0.6659185455047079,39612350.97247616,1447341.81346047
2019-04-08,0.6579548221211984,38846362.58575693,1324833.7073975238
2019-04-09,0.6430298447021126,38215051.97173496,1238855.3183242378
2019-04-10,0.6332317240870526,37754910.01203443,925300.537237253
2019-04-11,0.6027831318722721,35849682.871718764,897631.9225842957
2019-04-12,0.5572798044418853,33145638.30915312,927595.832297825
2019-04-13,0.6380998601728494,37963304.511081554,1007847.0546593854
2019-04-14,0.6056037809936435,36001061.58963713,905970.0260686259
2019-04-15,0.615679451711026,36584595.55676587,892607.0893618265
2019-04-16,0.5782611545989519,34453739.09952782,1136600.8297964057
2019-04-17,0.6148468221471874,36472203.68509984,1218921.53470763
2019-04-18,0.5864863155124542,34728899.49060698,1181758.0993644227
2019-04-19,0.5944257836596832,35365998.71125282,1312222.5698756275
2019-04-20,0.5940551921342188,35516102.466640316,1294010.5572727553
2019-04-21,0.6229421853612512,37110474.34051747,1332775.0080078687
2019-04-22,0.6125336023718521,36459955.52975283,1175638.7345960026
2019-04-23,0.6982516211398012,41610901.16448729,1459504.6591701624
2019-04-24,0.6950102039010885,41573938.08401806,462529.2413852259
2019-04-25,0.6323759722102303,37422588.2549014,648204.0220199226
2019-04-26,0.615853790860609,36713279.68423905,193543.85696243934
2019-04-27,0.6229647918121137,37500413.45274462,114166.73401896333
2019-04-28,0.6467238468673864,38427962.501286946,159734.67118220418
2019-04-29,0.6640948680577113,39619534.57614563,230202.90553683115
2019-04-30,0.6086644461171952,36372304.192093626,253409.74626356005
2019-05-01,0.6232093912736698,37009380.65010474,277640.4507261663
2019-05-02,0.6149198434310864,36735883.03728707,281022.7327935
2019-05-03,0.6159014731416214,36777222.72745767,262084.09438265004
2019-05-04,0.6012575379622175,35883737.34921639,353758.58364269027
2019-05-05,0.5655471918969638,33775100.40199777,341777.62108622654
2019-05-06,0.5646485354774956,33776955.31988633,465124.5255580924
2019-05-07,0.590014772045141,35311284.765055,353294.0713396653
2019-05-08,0.561164323484998,33726882.22163547,288625.72851065005
2019-05-09,0.5361097201471414,32000236.90513084,288460.42169078597
2019-05-10,0.5451826435014894,32573791.89642664,271868.2682316946
2019-05-11,0.5223941611483881,31233205.529906526,275492.17967093276
2019-05-12,0.567504782925995,33784008.64734995,401158.93682045396
2019-05-13,0.5178668929255582,30836617.312821224,317749.8335159121
2019-05-14,0.5127800829908965,30597343.84460294,430897.24427863554
2019-05-15,0.5837803371310839,35159285.23650051,561364.4850663138
2019-05-16,0.6698897976370101,39972946.529592395,668796.437626393
2019-05-17,0.609616655267006,36373082.71331951,361234.221689341
2019-05-18,0.6410599528342219,38408044.83659297,367896.08188351954
2019-05-19,0.6364382043066554,38179697.384789854,278713.27057690005
2019-05-20,0.6383773281698055,38263846.71241796,332801.3590895147
2019-05-21,0.6103967762099679,36529949.57633081,340922.3875203007
2019-05-22,0.6456850107810957,38759513.4127261,258663.62415052354
2019-05-23,0.5992272572254617,35916763.0271001,256638.1753287625
2019-05-24,0.6300912244688596,37687400.19443773,196073.65911240006
2019-05-25,0.5907802677925054,35405205.04694873,203233.10177826177
2019-05-26,0.5634486858464308,33751372.31052681,266311.406922034
2019-05-27,0.5767095885717886,34637172.779159844,295119.2944126103
2019-05-28,0.557144415907411,33341404.16986452,285162.0368674893
2019-05-29,0.5851983197395589,35097342.37617001,314247.1876005332
2019-05-30,0.592718493489388,35685904.53209251,622848.208429749
2019-05-31,0.5400397657461953,32319458.291763175,1091120.0298879957
2019-06-01,0.573203717167523,34456223.83424229,1201549.9748238872
2019-06-02,0.5672779442714939,34044620.5134587,1183623.8942808995
2019-06-03,0.5454149231196365,32705233.4738583,1113458.1583483838
2019-06-04,0.5410354856743249,32319635.373257894,1000352.3963874659
2019-06-05,0.49422005985480333,29657904.857749548,814399.3476233796
2019-06-06,0.4844908066202441,29019110.93230184,1184236.5008320953
2019-06-07,0.48792375821995454,29066183.57500659,1013830.032653047
2019-06-08,0.49603937334174325,29906532.39404165,2102843.3812991655
2019-06-09,0.475541265916796,28600094.48683192,5222702.410453338
2019-06-10,0.4534665313946861,27212855.963793013,2671909.9082990484
2019-06-11,0.5304314856619825,31853264.10390072,1435835.9659585955
2019-06-12,0.563306210757326,33866110.21728313,1300509.2978118681
2019-06-13,0.5733129422672911,34233745.29989325,1365011.863544355
2019-06-14,0.5312468895402922,32018374.29600852,989396.3783167916
2019-06-15,0.5298669336860937,31942141.748871498,1317260.7182939425
2019-06-16,0.5311835231077789,31950393.215871565,1381397.8422803164
2019-06-17,0.5434001423022615,34373262.19523666,1624148.3282516005
2019-06-18,0.5727397311909758,34493180.72632192,1470441.0184450683
2019-06-19,0.6071981037443565,36132520.76199916,1704714.2306873237
2019-06-20,0.6753431584658658,40399669.96981807,2351808.4478397015
2019-06-21,0.6329307372557261,38278360.805043176,2045421.2877489037
2019-06-22,0.6464497001338796,37961629.79908896,1986235.5523730258
2019-06-23,0.6326571141380358,38125840.64814239,1357348.1477631778
2019-06-24,0.6009611998836131,36445282.96410408,1841255.1717382069
2019-06-25,0.5309873137659556,32147786.40488307,2437617.9754057736
2019-06-26,0.5251694771445939,31805254.733765762,2374488.2966910726
2019-06-27,0.5827499845724036,34999678.92683396,2539814.631930107
2019-06-28,0.5690002976110715,34551164.4310689,2503134.6725088293
2019-06-29,0.6870881627930568,41072967.41724217,3360115.0320011866
2019-06-30,0.6376139183344653,38463909.055621095,2986305.410608419
2019-07-01,0.5973373907979143,36357263.1915254,3266102.030684557
2019-07-02,0.6248376611272206,38702993.34471597,3385044.8424626975
2019-07-03,0.6217911951662463,38410286.47274825,3399492.2488982277
2019-07-04,0.7071846234705952,44105901.11340414,3984202.2369798166
2019-07-05,0.6913278927324055,42772506.78517918,3683287.0110723027
2019-07-06,0.7184972449155488,44679107.24834002,4283545.573807553
2019-07-07,0.7886082898706854,49269298.11039687,4411388.065801413
2019-07-08,0.7267226437645626,44731724.82824977,1343596.8384457205
2019-07-09,0.7061085241378284,43700414.3069433,1910131.9411212367
2019-07-10,0.6666964474268806,41316108.75326225,1868739.9640965841
2019-07-11,0.6583089007276605,40910984.09476265,3398009.523348355
2019-07-12,0.6123276069100189,37776203.946651906,2719669.6837919313
2019-07-13,0.6175540086878217,38245236.41052745,2952110.8742540493
2019-07-14,0.6122037972099642,37810920.29544377,2848653.0294620823
2019-07-15,0.5212426209467983,32240862.601413023,2173313.0566984424
2019-07-16,0.5460290609731102,30224714.671752274,1897723.3935872186
2019-07-17,0.4861595482307061,30033421.620313313,1366431.9871109906
2019-07-18,0.49456009061630835,30571522.760179467,1375911.7537860165
2019-07-19,0.5165751390515476,32385410.1897177,609307.9215475527
2019-07-20,0.5395372422130297,33447954.18104705,1164674.4022197488
2019-07-21,0.5635766996959919,34951691.248978056,1119731.6819752867
2019-07-22,0.5688441005069516,35127473.39348201,881882.804241844
2019-07-23,0.5585576433585155,34592727.3921505,995996.3904209377
2019-07-24,0.5186092604130151,32235608.122417107,1016037.9688545772
2019-07-25,0.5071149620509984,31505568.10005228,535519.7258720184
2019-07-26,0.533215600229499,33058988.549673125,1457983.9838658522
2019-07-27,0.5426084377779707,33937361.36426115,1595590.5634229435
2019-07-28,0.5723966194382976,35526171.5959117,1777570.7226471642
2019-07-29,0.5914760879469266,36704355.827343516,1653650.3032881424
2019-07-30,0.5497512897322043,34085544.37242618,3259970.6280705524
2019-07-31,0.5810086093670704,36097992.27389991,3572903.6515671923
2019-08-01,0.5827268327437071,36283124.60560591,3536304.6451948904
2019-08-02,0.5905213114871017,36732066.87114312,3765129.543229675
2019-08-03,0.5366665386089826,33470863.373956043,2275072.5295656426
2019-08-04,0.5389012143140129,33498142.516986374,2191304.71728957
2019-08-05,0.510823913610441,31759851.887675572,2365849.1074121445
2019-08-06,0.5133778437528883,31793615.195165243,2990996.4232855104
2019-08-07,0.4947943249301001,30531002.6989212,2757141.563334162
2019-08-08,0.4659145788981613,28737999.415756915,2030286.3199915292
2019-08-09,0.47461374719428534,29531203.122370273,2810206.393573521
2019-08-10,0.4915733445896024,30558555.377602905,4181222.1282715998
2019-08-11,0.47036581741005035,29483654.51695078,3992058.4277321557
2019-08-12,0.46748567004170544,29069658.894385982,3933085.3371687923
2019-08-13,0.4835511826506483,30107614.678873345,2526715.121805209
2019-08-14,0.4579609113341928,28519309.670926757,1462402.2488756222
2019-08-15,0.4102662325949897,25529208.541362487,2305645.9820960597
2019-08-16,0.42806692453313605,26666728.71063889,2620848.321908827
2019-08-17,0.44593154884367003,27763118.460954316,1578707.8744842974
2019-08-18,0.44917767414445264,27991337.743008733,1449198.773727895
2019-08-19,0.4694561220525796,29220497.169206627,1584768.95925046
2019-08-20,0.49852138115162237,30570702.99946239,592541.146404413
2019-08-21,0.4849490927902309,30235775.769467793,1760973.4451562017
2019-08-22,0.46459264624571295,28971497.98278794,1742922.2516568785
2019-08-23,0.48805000612945326,30449122.370456893,1718135.8136228004
2019-08-24,0.5495211308535971,35390349.24803342,3838545.6561549697
2019-08-25,0.5465584749216972,35183318.25054445,15831672.680093074
2019-08-26,0.7019483836179848,45206335.791768156,22359210.94370143
2019-08-27,0.6543899639070886,42183256.243005924,5641559.706236866
2019-08-28,0.5646118515809777,36373636.43199409,7559006.48313892
2019-08-29,0.4924874049634086,31784452.464914054,5443616.828614916
2019-08-30,0.47723000273363075,30754383.611914806,3984997.7594566178
2019-08-31,0.48241519590938703,31160586.69082291,5202015.374193186
2019-09-01,0.4766545519747257,30734018.838913195,3419199.1130969264
2019-09-02,0.4753355482899013,30717546.023515154,3613800.349157289
2019-09-03,0.4630401649471598,29846318.829865076,2547692.8852914725
2019-09-04,0.45052978786754183,29035622.29500049,2387876.0730604785
2019-09-05,0.4358427029283317,28105872.045173094,2540150.065013056
2019-09-06,0.43736136354382266,28084373.99311821,2267136.551817946
2019-09-07,0.4010012352292311,25844495.098770533,2062078.9184718574
2019-09-08,0.414098301301553,26725552.382446125,2146061.0073347185
2019-09-09,0.4391230732204229,28348768.37191089,2155983.9328930117
2019-09-10,0.4112774336897412,26555207.300889168,2145576.369901522
2019-09-11,0.40900198952957395,26382058.99582695,2046183.2056818493
2019-09-12,0.3868652863734447,24990845.18660801,1510309.5391750012
2019-09-13,0.3592326041983591,23203723.005867407,1465966.3832776654
2019-09-14,0.3601531450109728,23266910.6003435,1392571.6856444469
2019-09-15,0.36357107769839486,23508648.889141962,1328648.306299838
2019-09-16,0.3804876459951125,24582541.9354468,557144.3540702489
2019-09-17,0.3680582643991545,23789280.29322037,1040221.6414746091
2019-09-18,0.37664335519519776,24348156.777012963,785578.538153893
2019-09-19,0.41204817231156315,26643478.017330464,1302741.6127362906
2019-09-20,0.3977472484513759,25716537.590163976,923081.9847609
2019-09-21,0.4137045871432039,26748867.127136257,1039158.3184855509
2019-09-22,0.3954492409876567,25563490.552333623,836284.1626405105
2019-09-23,0.36741985162414614,23771246.890912388,848223.6659318868
2019-09-24,0.3482410205272466,22533311.724668752,764748.0437593522
2019-09-25,0.2976197546150627,19442743.05951538,807003.0949001419
2019-09-26,0.2971027353492758,19231378.3559064,724495.6348490899
2019-09-27,0.2883097048685043,18665256.786098428,736579.0120527366
2019-09-28,0.3063467824807451,19836222.219062917,647030.9929899046
2019-09-29,0.3124091597575903,20153573.319464803,609958.5373577646
2019-09-30,0.29747926266969615,19279580.056889206,543697.317081427
2019-10-01,0.3116485357139632,20189785.233019453,634230.342383611
2019-10-02,0.31802431520766766,20609096.661167976,788766.2146092659
2019-10-03,0.31802431520766766,20609096.661167976,788766.2146092659
2019-10-04,0.3211612747380245,20794601.80393811,557451.2100912174
2019-10-05,0.32068460747248284,20785379.670154013,556712.285373064
2019-10-06,0.3203137443041017,20774073.899253942,604626.561567448
2019-10-07,0.3161612026557478,20501734.01920416,442443.90273837803
2019-10-08,0.33439574206290845,21676206.661902864,636659.9419022567
2019-10-09,0.35181289525988513,22834826.83211405,975502.9641786703
2019-10-10,0.358303508102444,23245853.762091715,953001.1869437596
2019-10-11,0.35395477251786267,22967541.163309455,741866.7070318158
2019-10-12,0.3487185086510266,22600810.119330816,1093661.0622712479
2019-10-13,0.3420079283747103,22199486.675054375,578983.8208349595
2019-10-14,0.33264716641911446,21602949.786635045,521524.5760648065
2019-10-15,0.3386009692037142,21986406.618788548,528722.9827557086
2019-10-16,0.33883615758882546,21989384.72634784,682125.072466478
2019-10-17,0.32490514027420114,21032867.836253047,578841.5669284088
2019-10-18,0.32092194584353045,20886257.71636298,522081.7363752688
2019-10-19,0.32435781095958993,21006157.574910812,994447.3028801199
2019-10-20,0.3124411703849774,20303458.3074781,802683.7586875593
2019-10-21,0.31402917581885315,20365791.62908256,532575.994291048
2019-10-22,0.30973130727220327,20102350.546776533,489032.74697782757
2019-10-23,0.3152160869679615,20493781.77462419,672912.5230775151
2019-10-24,0.281003601708654,18273973.89122707,524002.74848617683
2019-10-25,0.2814399942319206,18362085.637554362,330675.8380457612
2019-10-26,0.3009200278456351,19560604.13364577,637906.9896500874
2019-10-27,0.2871114779804839,18655927.031657726,765019.3711383403
2019-10-28,0.3051756988230326,19851951.827210203,811149.8591809793
2019-10-29,0.3998474065355738,25783225.017135303,3555497.5645177416
2019-10-30,0.37976330828583443,24717171.884473946,8630839.779877746
2019-10-31,0.3626098530674824,23605765.455998205,8027882.568012852
2019-11-01,0.37801527806656504,24622685.566470493,21903150.20016699
2019-11-02,0.4406226989419798,28693691.637693405,29004771.433611486
2019-11-03,0.417621746897943,27180213.942599587,32682210.978466753
2019-11-04,0.46774062149111795,30491987.11354504,51195303.01440749
2019-11-05,0.4671834796724399,30438171.65935864,107344166.07572627
2019-11-06,0.42503964840460107,27696794.85304176,21834104.901275214
2019-11-07,0.39553189609810147,25778168.36545741,17737263.29475907
2019-11-08,0.37693337595134413,24571585.030871104,9275219.754345132
2019-11-09,0.3675708101472635,23963622.74995653,9276835.314451996
2019-11-10,0.37533101834032767,24476740.639589936,4599583.844652775
2019-11-11,0.3601085286980887,23484738.77772916,8300451.375786993
2019-11-12,0.380014555894315,23609159.544532973,1350151.4119410603
2019-11-13,0.37578607864019875,24503539.239854213,14029883.974367974
2019-11-14,0.39625233909487534,25860189.474428643,11612253.116625167
2019-11-15,0.36234522511608075,23652984.157528117,10341661.809044357
2019-11-16,0.34463459726274953,22482973.930615965,10215178.300312769
2019-11-17,0.3558481940071106,23225264.31084324,5748230.393108112
2019-11-18,0.34779293279814427,22732070.30320469,5358183.262023654
2019-11-19,0.3148021161507454,20647111.39782287,10654427.629668226
2019-11-20,0.3138438201029251,20490783.10119733,9590570.67952642
2019-11-21,0.3070620590040347,20038731.81990289,7793127.319287987
2019-11-22,0.28304804844835646,18471282.052099332,7811499.96363057
2019-11-23,0.26570899905448736,17346311.64022373,12900553.806124253
2019-11-24,0.2736323121074923,17953805.567242377,6069503.485506088
2019-11-25,0.24389422429171764,16273706.011241192,6845463.401469208
2019-11-26,0.25725067226761794,16875309.8513503,11190972.650408393
2019-11-27,0.2698964745255689,17708596.859414186,7022421.398051884
2019-11-28,0.2710355551228163,17786893.940729156,9710219.928137623
2019-11-29,0.2705047000872171,17679278.35925921,4756096.414471516
2019-11-30,0.28949164644842523,18957183.06815037,6319368.962885616
2019-12-01,0.27163844039908486,17794752.25265347,3978630.0023236615
2019-12-02,0.2623341493372125,17197838.21176944,5719340.9397018505
2019-12-03,0.26456974746930706,17300528.462540273,4955854.8450944
2019-12-04,0.26409248488522097,17307333.584330425,3575137.213173739
2019-12-05,0.2696871696899661,17765661.06856119,8354210.44163724
2019-12-06,0.2659840520015756,17456096.844930813,5058692.705168369
2019-12-07,0.2703404055740622,17657309.712924708,4205098.505072122
2019-12-08,0.2698954969828131,17685018.828167833,3173004.6380834626
2019-12-09,0.3108752258456384,20289738.380802736,8147389.503453631
2019-12-10,0.3438090001626566,22526571.976057358,22802608.082709633
2019-12-11,0.3184154062467659,20981739.88642996,11982197.479598789
2019-12-12,0.33229382207230646,21760732.70603989,7104874.563325039
2019-12-13,0.36555541644211664,24080441.758079417,8647712.149336465
2019-12-14,0.35631866648846167,23388104.80024152,7538566.866805102
2019-12-15,0.4277216793380381,27122135.847010218,48308566.66409833
2019-12-16,0.5003862462358821,32756833.191452354,44733712.800323114
2019-12-17,0.5379326912129807,36322655.38940091,41691559.74815282
2019-12-18,0.46189303692947387,31914522.588530373,15235068.197202684
2019-12-19,0.5467669354583798,36653514.21877419,35257561.22788964
2019-12-20,0.6048276067568149,40648642.24796167,30777539.085930742
2019-12-21,0.5690530692231545,38406578.20508641,18602198.292427696
2019-12-22,0.5968282086546335,39994512.290887274,16197293.718804548
2019-12-23,0.5688540627856734,38271915.01950383,20700833.30694591
2019-12-24,0.5591473593043049,37516396.92989488,23852985.251508195
2019-12-25,0.5795580066185194,38922208.16781639,17675056.871567763
2019-12-26,0.6499558529684527,43632622.55179798,17564059.456315562
2019-12-27,0.6433251178286478,43237859.52550643,26506476.625397433
2019-12-28,0.5917758254210294,39778204.730518356,23324737.849169802
2019-12-29,0.5703315512744496,38325686.69661973,13250859.641774498
2019-12-30,0.5089495378985354,34216715.604133874,14037382.422876762
2019-12-31,0.5039847552029149,34880670.68313478,20388340.61517962
2020-01-01,0.44272969829999687,30608550.738945827,15272672.546625488
2020-01-02,0.44472609010451475,30823602.247603208,11892569.491048174
2020-01-03,0.41904735892662737,29121119.024095904,11610932.336005226
2020-01-04,0.4292570835235664,29802600.918359283,15092310.928467482
2020-01-05,0.4710733369676397,32625381.00872095,15657131.341138676
2020-01-06,0.44228063820420455,30540242.849698875,11465813.584257018
2020-01-07,0.44944401591902094,31268607.1520528,17710713.472939983
2020-01-08,0.4421841034892188,30567915.8403399,15263810.64178938
2020-01-09,0.4520438289309727,31348656.455516767,17589896.074138574
2020-01-10,0.42730369699602155,29664430.17347608,11783414.874204453
2020-01-11,0.43138422981727137,29892420.311774105,12245638.189475415
2020-01-12,0.42854052746214016,29870888.26946125,12366852.57073502
2020-01-13,0.45751288468285417,31745241.570974194,14250637.175073735
2020-01-14,0.5015521865208736,34712759.49888523,16475751.784879275
2020-01-15,0.4713209724838418,32644928.82520967,34745193.0905125
2020-01-16,0.4849624183578644,33660514.01459183,50237497.07617233
2020-01-17,0.46473904619060497,32242945.92233422,33976810.96042854
2020-01-18,0.47976629023869083,33391684.63158764,45540307.304524384
2020-01-19,0.47273815066323105,32867573.07554528,42714551.52865937
2020-01-20,0.45953786985152056,31922586.495879896,31594344.930590756
2020-01-21,0.45510531022734474,31582745.564237047,19542770.979584113
2020-01-22,0.46941855661636156,32532143.22313444,24217969.323826935
2020-01-23,0.47868747827909736,33223146.587880455,20373347.320178557
2020-01-24,0.44832889237757567,31103815.070897266,29769411.32689618
2020-01-25,0.4468046100131701,31031831.063448783,32007477.990407612
2020-01-26,0.4431890888617165,30896316.04241826,25872983.54781205
2020-01-27,0.4527597854795491,31407322.81671991,18464767.027631164
2020-01-28,0.45303656839579304,31482031.68386038,32703688.983748283
2020-01-29,0.43225701823801743,29874563.928859904,47269484.38605311
2020-01-30,0.4220868813755864,29505225.693387944,43949477.78541373
2020-01-31,0.4254325583405436,29561756.81343583,39253818.1818206
2020-02-01,0.4658297522225841,32090960.994861882,44646272.858022325
2020-02-02,0.484792663275679,33714918.8077307,35447377.88547479
2020-02-03,0.49058175721710773,34141824.24352002,44957064.029226944
2020-02-04,0.5076155937033611,35350705.51719659,40885729.80320036
2020-02-05,0.5289893514124127,36711190.21500815,36924517.27939355
2020-02-06,0.5251557406054677,36973210.69669784,47549518.38033809
2020-02-07,0.5177273194495067,36013118.818278596,7648517.963404225
2020-02-08,0.5277695754960215,36782651.2622991,74807988.31954654
2020-02-09,0.4879454962519028,33996703.99953408,57861724.879698604
2020-02-10,0.48933305446203484,34804032.81252664,44568406.5985776
2020-02-11,0.49703357258841435,34649098.2385663,46854924.46711629
2020-02-12,0.5653633703703591,39395623.30213593,47689042.70007172
2020-02-13,0.6049174981280796,42141506.42777918,76113828.39362176
2020-02-14,0.5770724804546326,40167043.48151502,13632747.653352108
2020-02-15,0.6012765220720837,41840069.483284906,10737709.209170569
2020-02-16,0.5612897031522058,39213478.046533294,12249995.16394062
2020-02-17,0.5506184819176085,38339122.790340364,12761619.8238178
2020-02-18,0.5265372505918356,36498576.16335107,10749424.11992224
2020-02-19,0.5515995562936238,38485259.87464482,8375994.753683018
2020-02-20,0.5093988651528056,35741872.14481404,6888934.392416165
2020-02-21,0.5763836743010815,40153634.95962043,13146335.264701692
2020-02-22,0.5701461660268007,39967077.72064724,62436889.62627021
2020-02-23,0.5659417974010841,39502644.429089315,33965791.4481979
2020-02-24,0.5850316704965753,40828988.58079603,44113723.81093931
2020-02-25,0.5976865633616262,41639720.4600222,52375637.72790603
2020-02-26,0.5555519513561259,38757419.056941524,43665141.402241744
2020-02-27,0.49294585883280523,34454639.8132857,58462220.44588804
2020-02-28,0.5107230235466624,35615270.44612731,42597415.34407758
2020-02-29,0.5132723725959588,35990507.80309926,19921949.81320498
2020-03-01,0.495722764270499,34713065.413767315,9742347.52831407
2020-03-02,0.4777529199269713,33358794.954310454,10813920.599816743
2020-03-03,0.5141447563689903,35863478.72150006,13609188.5920359
2020-03-04,0.503662063999973,35234747.665911354,10571969.38065533
2020-03-05,0.5280109765140035,37041673.670373246,12239014.539094295
2020-03-06,0.5289623899604277,36999306.18537409,15016046.052126028
2020-03-07,0.5390693369419153,37797719.769379,12130440.771505376
2020-03-08,0.5253846547028816,36900224.89636385,13902533.64898303
2020-03-09,0.4295053485559877,30822042.56470842,15964392.765209777
2020-03-10,0.439212576619337,30682386.969436966,23139450.053352196
2020-03-11,0.4404301666999745,30970905.806288607,13486779.90568445
2020-03-12,0.4129644422559949,28820877.7499503,13129703.921645872
2020-03-13,0.1942462385204913,13743651.756859276,19873977.677699957
2020-03-14,0.22229651324678174,15433833.328728631,30624056.65024818
2020-03-15,0.20299595192605266,14214021.311123699,9666614.17305245
2020-03-16,0.20789779188972637,14520376.072084716,8124576.714325021
2020-03-17,0.18553628088662397,13058321.628232071,13526786.740328325
2020-03-18,0.24202309963099825,17300760.44117254,11058629.561607365
2020-03-19,0.22785803009170955,15960992.171998799,9045871.372290386
2020-03-20,0.2528506363915841,17731235.5982142,12882866.133856095
2020-03-21,0.23464166979074666,16374048.449482944,12105330.59143195
2020-03-22,0.2378611533289428,16683510.595276939,10517067.269548235
2020-03-23,0.21769379502632585,15378517.483406633,7772197.36335971
2020-03-24,0.2349143462904942,16422974.898822414,10124936.540869938
2020-03-25,0.23701872340420824,16593881.058100382,9407017.877652965
2020-03-26,0.24387779140361915,17057041.48362419,10101398.660288125
2020-03-27,0.25449719107005964,17927610.413306214,8433195.522865722
2020-03-28,0.23254501591541274,16184327.028681563,8361654.100831201
2020-03-29,0.22730824926148435,15888305.828301772,8922029.037110336
2020-03-30,0.2133120941499551,14973743.741855469,4882752.209873466
2020-03-31,0.2351457696359247,16555363.543410992,8906188.430242034
2020-04-01,0.24068597221015745,16876336.045200802,8057533.477706318
2020-04-02,0.25667569248756966,17512129.673195507,10073167.951926477
2020-04-03,0.2600154500895657,18203720.884533558,15922256.258340493
2020-04-04,0.26416652804754504,18571176.828316044,12124000.339396883
2020-04-05,0.26456157303430156,18557190.5474396,9900818.283783847
2020-04-06,0.25881192422932364,18183479.676515356,8288853.174955499
2020-04-07,0.28001393739766867,19640123.075000834,12545250.674527008
2020-04-08,0.2842294007422502,19866354.703118898,13844127.902719375
2020-04-09,0.3020568882029405,21263114.2040566,11529342.682367578
2020-04-10,0.2938380079031369,20669498.344414055,7033620.011047305
2020-04-11,0.26247351999076507,18414962.16406981,10968326.219941828
2020-04-12,0.2689354911784851,18883329.204450563,8907644.600213349
2020-04-13,0.27381780900277913,19432689.578140628,11445606.756753027
2020-04-14,0.2687793863631117,18932584.750115033,12319720.697670162
2020-04-15,0.27258366114478605,19183086.216617055,11799796.801005818
2020-04-16,0.28732017221745887,20229207.440073226,21065119.95235335
2020-04-17,0.3302488123401383,23305714.72191171,17322070.880181562
2020-04-18,0.3379239482067594,23862053.153745662,30794245.54536985
2020-04-19,0.3399493782096301,23817175.40099708,12147820.31423577
2020-04-20,0.3166425783542456,22367410.002043635,15059650.760161573
2020-04-21,0.3045383840915737,21482333.33694637,17648056.555495903
2020-04-22,0.3146826527592717,22149344.814200904,13226734.14011281
2020-04-23,0.3262087596942441,23061726.09803276,11419622.085972814
2020-04-24,0.3267967113002636,23050768.19882126,13062314.827938396
2020-04-25,0.3384022236084415,23834483.993623566,13057418.550658904
2020-04-26,0.34920581478344753,24642577.750038873,13689497.29720064
2020-04-27,0.3499970486134622,24626561.03602419,13735023.541496793
2020-04-28,0.34382317475106533,24171477.076320957,14493476.378467362
2020-04-29,0.3473953401797301,24533587.495730694,12238512.469638344
2020-04-30,0.36473348643103787,25672504.498990897,19090910.371821236
2020-05-01,0.35470855141701924,25043556.770417128,18998941.437796455
2020-05-02,0.360465092488683,25510799.34327991,16119029.149139147
2020-05-03,0.3753383002703106,26456598.278521933,15347353.74221254
2020-05-04,0.3579709585242025,25157768.792453155,17112829.970574223
2020-05-05,0.36860689276717024,26009877.84620623,17303854.12685329
2020-05-06,0.36201232962387925,25559516.89405977,13838442.456364546
2020-05-07,0.3629052556033741,26325343.698455423,15181543.886815006
2020-05-08,0.38970673449147525,27674089.320533242,20197197.26622622
2020-05-09,0.42310778779633607,30133732.884488758,19586384.800869115
2020-05-10,0.3914111402137646,29497605.464836873,22250202.878143523
2020-05-11,0.3872141548055593,27352295.25688055,31223362.323045805
2020-05-12,0.378892712829186,26693308.238038365,20582139.401035927
2020-05-13,0.3770596208313229,26603684.44732848,15912110.79094298
2020-05-14,0.37754430497823777,26704832.856829766,16077442.67539954
2020-05-15,0.37488647949812376,26712227.264851186,15834569.249834178
2020-05-16,0.36278994452153795,25774589.57154701,12801346.137902895
2020-05-17,0.38402620954913325,27058378.111465964,13011915.394663319
2020-05-18,0.3912891390845353,27578944.998935983,13325413.26482279
2020-05-19,0.37582283806775596,26570574.123384096,13047648.603426464
2020-05-20,0.3825413885016332,27073681.24526049,10031419.885015137
2020-05-21,0.3758775896286039,26556131.049153306,9545586.69712971
2020-05-22,0.36963325781121237,25984706.320130173,12455068.035043545
2020-05-23,0.3890387994084145,27525895.597823195,11801786.945035694
2020-05-24,0.3807800629566845,26956255.91868816,9563879.817036906
2020-05-25,0.3709312232483732,26333139.886262774,11566615.43179454
2020-05-26,0.407827079566217,28897454.331760366,13333301.295063365
2020-05-27,0.4236397656804761,30002163.03022202,10465146.230305059
2020-05-28,0.40117484366671513,28419081.62265474,10440377.0746137
2020-05-29,0.3997819610419356,28379019.370657045,10085354.839672577
2020-05-30,0.397597759736173,28245282.549163718,9536312.91807203
2020-05-31,0.4054924236417985,28722275.101392515,14830399.5040878
2020-06-01,0.3878464778829014,27287271.144832455,12055456.943327507
2020-06-02,0.40608257267401016,28628474.90895278,16764336.37851938
2020-06-03,0.39989043288050974,28306412.46792831,15393198.487994041
2020-06-04,0.39761748157807325,28315149.314615563,10514907.5088144
2020-06-05,0.40295296974368894,28409468.50945232,10616619.363942795
2020-06-06,0.3979078128836038,28359422.655716978,11473324.31690829
2020-06-07,0.4053662279868552,28741955.285155885,9788451.568756554
2020-06-08,0.4148436894415991,29367511.85968136,11937771.018980952
2020-06-09,0.4494152960816089,32046547.45886657,16198895.210064609
2020-06-10,0.4543152325670117,32092880.74763847,16117136.030656008
2020-06-11,0.5148351113198204,36199115.290011086,15051396.999440568
2020-06-12,0.43137236362269477,30584217.982065544,16529842.869492978
2020-06-13,0.44852639637418995,31875145.700700782,11931273.999147855
2020-06-14,0.43793031861997794,31012235.72913449,9620460.24801549
2020-06-15,0.41443848098412295,29454054.16885866,8069625.433354577
2020-06-16,0.4173175033334776,29660333.215568155,12031312.73644405
2020-06-17,0.4304442211483317,30656925.369025636,9992026.028051933
2020-06-18,0.42816070974855264,30480228.406874258,9717263.285863044
2020-06-19,0.44291654145034015,31553506.338282794,9975080.538549103
2020-06-20,0.4748874456097287,33510713.593069874,12098097.035560498
2020-06-21,0.46416397667455533,32927707.978896268,8927214.160748431
2020-06-22,0.4379273893403313,31176817.049820874,6921672.478367008
2020-06-23,0.43966217838157007,31297314.465697523,8313593.9149570335
2020-06-24,0.45009406671635926,31972085.361631494,5054807.197065239
2020-06-25,0.46256735202435934,32889005.84194625,5258781.691092118
2020-06-26,0.5134936769396661,36503826.013057575,8656867.249597153
2020-06-27,0.5593103409398293,39742111.004337855,11899712.192177849
2020-06-28,0.4907497263573565,34866306.386140734,8354747.219554485
2020-06-29,0.4961902916669662,35781023.719302244,5473479.3315411
2020-06-30,0.5126645434390602,36419079.71013784,5040038.373644797
2020-07-01,0.487751501648359,34704263.16332076,3473886.5293183555
2020-07-02,0.5072238792319527,36095002.29091931,6670473.676479918
2020-07-03,0.5110983484672588,36358187.73121889,4578850.375926629
2020-07-04,0.5679162051577384,40346938.05203682,6897240.134923488
2020-07-05,0.5877127828376116,41619146.06317719,7307625.4944464
2020-07-06,0.5685888507848951,40485388.30437085,5194238.116770768
2020-07-07,0.6558484020811971,47053885.26412415,12114411.593871813
2020-07-08,0.6978931919815621,49506823.3178144,7571336.154042317
2020-07-09,0.6802411697123542,48817942.315621674,8966631.614914145
2020-07-10,0.6420380220605665,45739776.71041481,6630699.148084149
2020-07-11,0.6649300355557274,47310776.50800528,6755886.884972435
2020-07-12,0.7029901233948256,50198507.425182916,5666063.869609047
2020-07-13,0.7061932699695412,49773996.54626548,5361474.565578465
2020-07-14,0.7402188666342372,52758837.60712704,9763084.77419858
2020-07-15,0.7017126325396555,49991224.216049105,4524560.307212344
2020-07-16,0.720814305961937,51361263.14116968,3992931.156737744
2020-07-17,0.7316887663328501,52150060.6534875,6618775.193036049
2020-07-18,0.7477662474643859,53358558.46597417,3145342.0513929892
2020-07-19,0.7273358380580328,51917072.82785171,3256696.675077728
2020-07-20,0.8837726777780865,64002588.2241596,10026106.307813229
2020-07-21,0.9128902566829908,65774754.71591486,21816744.035855446
2020-07-22,0.8911477872300241,63403551.11556686,10901076.01691277
2020-07-23,0.8877369049306008,63087836.389073364,8112020.885957748
2020-07-24,0.9375640593945431,66949650.674979515,7930988.411207358
2020-07-25,0.9869806323848563,70278312.12729608,12503433.991843816
2020-07-26,1.0655388566546526,75923491.04097947,18964781.610308036
2020-07-27,1.0575592485675323,75806417.63072625,9713902.77156816
2020-07-28,0.9147638418339592,65144197.257764325,23154157.75686208
2020-07-29,0.9565965559339256,68474207.46868339,11518198.863955515
2020-07-30,0.9123780647909043,64744692.10516289,9516548.36838994
2020-07-31,0.9115252402873395,65336743.70443047,6815027.035310684
2020-08-01,0.8563388021854031,61260052.60485862,7402651.361624185
2020-08-02,0.93655589002627,68173033.65679838,10832623.240277974
2020-08-03,0.8665878110266818,61884651.90390672,13040887.317270242
2020-08-04,0.8999466851809301,64359659.6269268,7199685.807811856
2020-08-05,0.9369006392832405,66958023.48061215,5501468.211765108
2020-08-06,0.9242182699547038,66098750.550668985,5721315.177278066
2020-08-07,0.9912239513366159,70889141.42162026,9902111.857913885
2020-08-08,1.0362142130899694,74184576.97840516,12471028.115671223
2020-08-09,1.0297223417210657,73760048.18032385,11517696.628644574
2020-08-10,1.2757998548958032,89926632.96545282,18378939.617363878
2020-08-11,1.1959284846210398,86049999.228302,21943942.122400343
2020-08-12,1.1109269715507712,79478816.08464083,15005360.756977193
2020-08-13,1.2860509403112992,92103193.67306387,18116504.564407207
2020-08-14,1.3865001607899121,100615465.43846072,27747445.440120544
2020-08-15,1.3827165467442741,98863021.33470376,12177965.526368752
2020-08-16,1.3469970053387363,96354229.00516464,9341301.449292345
2020-08-17,1.4185170683073007,101447918.51635414,14004611.627151137
2020-08-18,1.276973795993908,92196846.9494092,13512272.255634118
2020-08-19,1.1907627498177946,85330394.19396472,10764138.96421372
2020-08-20,1.1347945021178762,81313902.11034702,11857397.751760753
2020-08-21,1.2462409625070565,89766514.60531124,9741403.270628551
2020-08-22,1.0719446060806024,77223302.85859537,12715612.747005017
2020-08-23,1.112260366760867,79690483.08671024,10199660.992132729
2020-08-24,1.0750766966658132,77194810.7762491,6507293.024201863
2020-08-25,1.1093511996911583,79683863.75579645,8555584.285011662
2020-08-26,1.0304516598534557,74070650.29049239,9418826.360659963
2020-08-27,1.0105660810865402,72498622.60721226,7648770.422976203
2020-08-28,0.9676071590732959,69306245.6425983,9994617.249532571
2020-08-29,1.0352682172597298,74508844.34793893,8052544.153805626
2020-08-30,1.1020856635321803,79270048.84286612,11325578.42689036
2020-08-31,1.092730112683753,78375507.61267063,7042285.875894334
2020-09-01,1.0355177288153095,74424849.81912594,7722845.895926089
2020-09-02,0.9923821985244032,72282522.91952792,11595844.272367897
2020-09-03,0.9302404420935408,67005430.86336689,10707266.02588071
2020-09-04,0.6961929171414794,49637177.22053467,11983302.608074537
2020-09-05,0.7396146399014287,53258986.76991663,12868121.498183511
2020-09-06,0.5943136660271243,42474542.68057616,14924718.588226203
2020-09-07,0.6658163053200741,47832925.83590708,14015459.32664447
2020-09-08,0.6386278285452349,45877027.60211293,10009946.16614903
2020-09-09,0.6132542794279527,44038445.431533866,5892523.527171736
2020-09-10,0.6432847832283457,46147059.721094534,5611578.649493307
2020-09-11,0.6787855308612192,48776288.5817504,8480176.934076583
2020-09-12,0.6758106089783162,48731213.347078234,6007868.831700373
2020-09-13,0.731313456794999,52190129.96041415,8509407.836137015
2020-09-14,0.6692685577852753,48007369.67499495,10181297.616404856
2020-09-15,0.6586945332812194,47374717.78002064,7078159.584374371
2020-09-16,0.6240990988006031,44853355.82572315,7454641.390214769
2020-09-17,0.6246062026459663,46178565.49412548,6564153.3010121975
2020-09-18,0.6269226128699561,46299101.11400712,4910350.580806087
2020-09-19,0.637875009824237,47108375.494570635,5442151.997017188
2020-09-20,0.6788913913817439,49888284.660559595,5823607.774899719
2020-09-21,0.6397240514809424,47495634.65210011,5030533.807788813
2020-09-22,0.7093792531061217,52764652.478668645,17220944.26247192
2020-09-23,0.7782028496882721,57020236.43449042,25269057.225692287
2020-09-24,0.7833406373948065,59896922.73512352,17743627.39303889
2020-09-25,0.9131638942469777,68990060.32624406,21096660.95508374
2020-09-26,0.8038815259965639,60687510.137492724,22159066.95161414
2020-09-27,0.8027270147747367,60422038.143593356,12524852.651762113
2020-09-28,0.7726421953164826,56330071.44255095,8899116.362806272
2020-09-29,0.8194585462887647,61525304.00155779,12372405.578706263
2020-09-30,1.0426650868252312,78448605.14664173,26866866.72465585
2020-10-01,1.118444042251013,84653359.96725632,35463408.59240302
2020-10-02,0.9372388661766811,70391982.65999876,29769593.042833883
2020-10-03,0.9086650424462798,68831036.34422347,15240110.668947466
2020-10-04,0.9388913768095226,71059043.91487558,7853208.947044937
2020-10-05,0.9198435523223193,69820196.89663102,7094127.58721167
2020-10-06,0.8245757130302689,62058821.50347675,5217729.726662532
2020-10-07,0.6899883508822627,51763880.968132354,7565153.73009415
2020-10-08,0.7128416470903897,54070549.281707786,8446653.258587845
2020-10-09,0.7218665231084609,54440618.941789664,7045075.374758764
2020-10-10,0.7391909332438878,55923964.36640677,7131537.214692159
2020-10-11,0.7291151725502518,55161798.25908405,6590409.781738227
2020-10-12,0.7319386174723557,55319248.745700665,4309148.7967902385
2020-10-13,0.737192872368933,55776029.85189857,8169557.480513178
2020-10-14,0.8019660996244666,60706101.716726065,13450585.35227718
2020-10-15,0.7953649678067612,60220093.771747895,10270487.450656809
2020-10-16,0.740347420844385,56124642.41328412,8870660.436052592
2020-10-17,0.6841700651206073,51828686.61471374,6143091.906031759
2020-10-18,0.6882655748756054,52108262.12685784,4234713.140710217
2020-10-19,0.7142545189947772,54056110.105915785,3821095.904179871
2020-10-20,0.6821305172336579,51672482.57246504,5016732.676492546
2020-10-21,0.6181796691531218,46655868.87351388,7161514.090117843
2020-10-22,0.6337658262862886,48030076.24469901,6756643.130544001
2020-10-23,0.6604051472896331,50062954.855015315,5933442.595673052
2020-10-24,0.6848424174767668,51812544.418295026,7367144.153531096
2020-10-25,0.6614813327621271,50087014.86772483,3852175.305546364
2020-10-26,0.6418117635401988,48657751.73711707,4268176.723236077
2020-10-27,0.6272730941701,47592739.70739957,4509783.495140414
2020-10-28,0.623747320043443,47221560.477104574,4368570.572632228
2020-10-29,0.6357420977481695,48167394.244241744,6433532.578021903
2020-10-30,0.581760239174264,44157854.355188556,8317330.439980184
2020-10-31,0.5632729791555899,42708585.21465488,5830419.049317725
2020-11-01,0.5435108589246184,41278383.978608444,3289371.1654198086
2020-11-02,0.5507834446091402,41884518.482090674,4281583.430319149
2020-11-03,0.5148409296420803,39180883.290335,5473399.495813866
2020-11-04,0.5051572096798885,38412790.75338377,3913346.3604730302
2020-11-05,0.48930664707913274,37195730.37899144,3507547.6032900754
2020-11-06,0.5227319871383155,39600539.10242507,4139201.109433357
2020-11-07,0.5837288216802362,44360985.34774005,6284608.18405569
2020-11-08,0.5471323471521323,41768153.11633713,12052852.477722354
2020-11-09,0.5941831595052398,45252238.52762649,5984158.644880664
2020-11-10,0.5849843128121714,44475263.44699253,5230770.619395925
2020-11-11,0.6077135899089516,46470114.013031945,5221100.367824737
2020-11-12,0.5985628201840789,45430107.81275703,5373631.133667773
2020-11-13,0.5691485613138509,43302853.76054339,4359847.688050906
2020-11-14,0.5969817172049119,45258609.166081704,4038447.745298306
2020-11-15,0.5782933978184674,44034710.35658601,3058691.16937753
2020-11-16,0.5784789193253634,43937181.5790822,5595843.786366925
2020-11-17,0.6110877111540667,46356060.34476146,5512090.330454216
2020-11-18,0.6430857100521004,48749833.70738067,5697630.137887531
2020-11-19,0.6353837798727663,48260262.05916924,7543514.200041209
2020-11-20,0.6716140708798668,50835489.658514954,6573009.463997939
2020-11-21,0.7120079038740672,54259015.004107475,10850139.824030414
2020-11-22,0.7963299109502494,59620021.12347615,12363110.136117222
2020-11-23,0.7496849386040026,56935588.27230579,9141394.210949004
2020-11-24,0.8439519267144243,63863385.95620718,13622189.508113772
2020-11-25,0.8075519690799206,61442967.04176464,13067336.689737592
2020-11-26,0.7579068814738438,57187066.268720634,9722812.61099312
2020-11-27,0.6912801551030459,52616405.1373827,10479714.380834376
2020-11-28,0.6452913457465245,49092994.81574434,4940378.114831456
2020-11-29,0.645730762935321,49425124.75705187,4986931.034565553
2020-11-30,0.6645220694184195,50612721.85982128,5263573.776546521
2020-12-01,0.7021148073653144,53619631.20566468,6407423.8846743135
2020-12-02,0.6962702440166993,52949431.41390665,6254215.859162992
2020-12-03,0.7489650738988358,57380515.72733638,5404408.476680593
2020-12-04,0.7842852466339663,59788944.878771015,4854890.335220763
2020-12-05,0.6953306548823593,53065445.87389608,6132642.073946923
2020-12-06,0.7442153108996132,56670756.91934503,3704977.580803295
2020-12-07,0.7218977884637624,54996884.62186283,3008643.049398716
2020-12-08,0.7485454584095911,57053165.627323724,4171232.908995316
2020-12-09,0.6858815780142138,52618580.14723626,5249835.860764753
2020-12-10,0.707393110605439,53952516.94717967,4071523.6645913036
2020-12-11,0.6815801500180777,52017801.04460505,2651688.6549909348
2020-12-12,0.65058809263628,49651426.44418464,3604064.6695671147
2020-12-13,0.6813557262821687,52102319.285056755,2753854.333649957
2020-12-14,0.7063148330600305,53811110.79561769,3158912.9948713267
2020-12-15,0.7493833224129663,57109672.07554043,5303910.141829365
2020-12-16,0.7547086784654892,57527316.92841324,6694375.98060872
2020-12-17,0.8041080471003265,61330611.4002929,7945608.350356312
2020-12-18,0.7927189874881729,60434978.43858477,9517659.738252176
2020-12-19,0.847764378856434,64654004.02473273,5276800.259041711
2020-12-20,0.8628128480170055,65814839.317477815,7236313.357428139
2020-12-21,0.7797618651007873,59653288.51564633,6967198.974876099
2020-12-22,0.7508184594654745,57781331.53671074,7636593.22008487
2020-12-23,0.7766624809077761,59289480.95372811,7918253.470759937
2020-12-24,0.6361202934650456,49179670.45730191,10800479.67071781
2020-12-25,0.6878634610283743,52363605.227505274,11155663.193965236
2020-12-26,0.6788052847287147,51752974.6445629,5682654.444703424
2020-12-27,0.6919616735275131,52970559.45377587,5636792.349213588
2020-12-28,0.6879590032575211,52932043.18282382,7985982.511289927
2020-12-29,0.7144085072909387,54786505.388419725,7332186.100411885
2020-12-30,0.6943790163488298,53477728.80589356,7058998.797766773
2020-12-31,0.6697300607505657,51147904.708577976,4266152.2998469975
2021-01-01,0.672498227767195,51132091.07310941,3937750.384900136
2021-01-02,0.6774958267560182,51889066.332088456,5185358.317942558
2021-01-03,0.7019188543616156,53686907.86328961,9704717.236162815
2021-01-04,0.8167890091135294,63477145.55142803,24327081.633470867
2021-01-05,0.9429858760293298,72466357.4769889,25927145.175627306
2021-01-06,0.9322615031555962,71428671.51561965,30015478.112896048
2021-01-07,0.9781791822646494,74810636.67920852,19337545.034741398
2021-01-08,0.9283940345188689,70791664.95287827,15365872.783328366
2021-01-09,1.1381813540726435,86071674.8463814,30469084.839872822
2021-01-10,1.1358765620270566,87274759.60310452,29964467.547281396
2021-01-11,1.1619618345705771,89150685.565523,21267421.810086586
2021-01-12,1.2189346764873448,90722329.05710989,35233555.29236254
2021-01-13,1.1353963228401942,86994790.44394454,25073904.001080323
2021-01-14,1.2186444385697497,93686229.60622145,15714231.036134055
2021-01-15,1.3312844691873824,102002150.54355995,19824175.07530659
2021-01-16,1.2894647675250808,98969352.5727886,19453349.078128144
2021-01-17,1.3633373719055966,104005732.93611275,21939463.178204782
2021-01-18,1.3305809832292843,103560559.11096545,17184835.917269453
2021-01-19,1.3718604875400888,105058616.809742,11443457.577646455
2021-01-20,1.2668539721153262,97735189.1489076,12699317.71866749
2021-01-21,1.3486828935006894,103409327.63557556,19058140.33752563
2021-01-22,1.1407899842794431,88349311.60296561,15579849.256997306
2021-01-23,1.2136273535110138,92530639.38496368,14312595.901602568
2021-01-24,1.2919364539027596,99148413.4870639,15395562.943510585
2021-01-25,1.2946850779188117,99306434.5957491,10601940.70903557
2021-01-26,1.241302034555074,95049009.05795975,12258192.647221249
2021-01-27,1.2188168672971251,93562845.69984931,9288945.989132965
2021-01-28,1.1861359246030947,90655474.02839944,17591605.92450881
2021-01-29,1.215133071377153,98462614.66217066,11446989.063168801
2021-01-30,1.2023188434919296,96461682.32273121,17408291.37047372
2021-01-31,1.313653670826227,104728598.57245375,18645585.317946553
2021-02-01,1.2522946248475821,100750124.66058236,13834583.368123364
2021-02-02,1.3311701369247386,107045844.43882896,14217938.692532929
2021-02-03,1.3622782509664786,110619226.22715162,20395388.05482648
2021-02-04,1.4918065383671066,119577629.14562309,26315118.10671567
2021-02-05,1.6062085336828167,130595906.02022743,32252804.209206346
2021-02-06,1.815176174036654,144774696.98203385,40952676.41932047
2021-02-07,1.6118657840893982,130947196.79945822,56664193.89285991
2021-02-08,1.6420370502207238,132434483.68465829,35472157.29049546
2021-02-09,1.6799837847799861,133961765.82508206,26511644.273024164
2021-02-10,1.9643573547049717,159723873.44138968,57153966.929390185
2021-02-11,1.936843868940656,156205664.06546712,62056981.13450071
2021-02-12,1.9166967606181584,153869362.28256705,38559163.526204415
2021-02-13,2.2266829049845063,176554066.31785217,60351466.8961707
2021-02-14,2.3646151640075423,195391306.27876276,80450398.52585593
2021-02-15,2.1690032448436987,174327400.0782919,57394668.70730063
2021-02-16,1.929958736623795,154871131.96926183,40909188.30918956
2021-02-17,1.9117825419675798,153478455.7280363,36112791.95471411
2021-02-18,1.9806591877518445,158580844.96100593,62845176.6707912
2021-02-19,2.1475487334663614,172434640.27897006,39405621.501721025
2021-02-20,2.086702651392507,166946622.1130283,30263835.178527787
2021-02-21,1.9219077371010576,153573414.68228605,47379141.819364175
2021-02-22,1.9848997450027113,160616109.44885764,34130376.01493969
2021-02-23,2.074586716499042,166534228.518726,91455823.86579612
2021-02-24,2.2987529708653094,185146908.87414926,160097274.3136445
2021-02-25,2.1331894092109778,173049640.73851424,154806329.12060794
2021-02-26,1.8562564239975474,157118536.93274084,64100761.385285884
2021-02-27,1.886458994641112,153657037.38397926,52989066.89445422
2021-02-28,1.8017370382271296,144764369.18433195,35616766.65912412
2021-03-01,1.68892199219344,137927219.36796594,31932391.181082293
2021-03-02,1.7985880324976944,144674192.10548073,23912218.19383545
2021-03-03,1.789946423998283,144574216.58240053,34170615.48263939
2021-03-04,2.043857444456992,166230484.77010787,64548597.275114715
2021-03-05,1.8742954956362565,150996856.6041069,52227645.10074655
2021-03-06,1.8676975610182154,150912649.5000461,25422622.83429896
2021-03-07,2.0426662497657935,164759774.5064528,36322847.36994093
2021-03-08,2.774337469649039,223193779.7309563,301538868.45832247
2021-03-09,2.548555149921359,205131533.47321177,101796007.62825781
2021-03-10,2.596507416201089,209248017.06563202,48553526.51474066
2021-03-11,2.619360999195479,214077164.0723912,27555387.700165145
2021-03-12,2.468497763036945,198769086.9901548,44331548.94477064
2021-03-13,2.2981791227753208,184500077.63417825,50079836.81403215
2021-03-14,2.370702470711062,191605791.57580963,36331219.06044335
2021-03-15,2.569758929581269,207668255.16958708,46877139.094338745
2021-03-16,2.305860061056609,189515607.84586072,57371510.67853727
2021-03-17,2.394603279488539,193334420.5506565,41232374.28420236
2021-03-18,2.411805332719581,194082421.12466577,22984575.741917066
2021-03-19,2.4645336931895274,199881475.8149323,35149740.41385519
2021-03-20,2.4261816603065443,195350286.2379574,19811111.620889105
2021-03-21,2.4855279011319826,200933315.01464802,24474283.09873963
2021-03-22,2.827028183127736,228521822.01205575,66933427.02335562
2021-03-23,2.563101058310348,208182760.55371618,55257004.81375182
2021-03-24,2.3932444370393657,193436864.21084967,42711745.30716672
2021-03-25,2.383825046277043,193439626.56832242,44685709.58802101
2021-03-26,2.2263508458041916,179702410.03432974,40090500.89590563
2021-03-27,2.492036369440641,200841538.5918725,35249236.50419496
2021-03-28,2.5429675278402435,205993502.07718292,26341267.252199337
2021-03-29,2.5631170663216576,206755939.65983698,25704171.307217777
2021-03-30,2.6586847245762675,214793313.00128603,25674114.67144994
